603838
603677
603089
603638
603626
603966
601858
603819
601882
600423
601116
600099
603416
603823
600817
600760
603358
600836
600281
600301
603727
603518
603628
603689
600698
603958
600749
600520
603337
600097
600306
603668
603308
603708
603877
600455
600265
600573
603258
600599
603085
603888
603058
600389
603009
600847
603688
603159
600233
603266
603987
600228
603585
603990
603716
603878
603639
603658
603928
601595
601500
603027
600576
603313
600621
603060
600527
603033
603298
603268
603777
603886
603006
600769
603900
600821
603398
603579
603239
600425
600191
600178
603633
603611
603608
603808
600962
603035
603822
600241
600385
603228
603977
600083
600476
603444
600071
603421
603556
603737
603566
600338
603929
600107
600234
603959
600393
603843
603909
600996
603660
600491
603315
600155
603038
600889
600069
600565
603599
600793
600250
603798
600135
603016
600249
600114
600763
603738
600552
603101
600661
600909
601799
600588
603939
600462
603131
603028
600128
600759
600857
603160
600247
601908
600230
603577
603858
600525
600506
603936
603037
600370
600620
603887
603393
600803
600818
603818
600898
600671
603788
600444
600137
601069
603069
600936
600777
600053
600680
600243
600184
600082
600838
600322
600156
601968
600679
600988
600179
603669
603039
603456
600288
600977
600139
601020
600062
603098
600038
600593
603017
603021
600246
600483
603429
600280
601388
603508
601163
600148
603726
600130
600896
600215
600401
603636
600339
603701
600615
600609
600416
601628
600766
603026
600719
600182
600796
601811
603029
600893
600291
600547
600382
603116
600311
600883
600238
603300
600328
601311
600992
600392
600267
600091
600360
600446
601099
600397
600489
601519
603311
600686
600976
600570
600860
600405
603309
603158
600643
603318
600687
600701
603600
600435
600689
600456
603319
603032
601113
600602
603399
600848
600664
601700
603111
603117
600649
600136
601727
600807
600678
603339
600359
600173
600681
600753
600151
600152
601901
600998
603007
600290
601005
600019
600875
600488
600485
601028
600733
600735
600734
600736
601288
600655
603555
600239
600212
601168
600979
600973
600645
600890
600633
600636
600400
600406
601127
603223
600855
600859
601107
601100
600673
603528
603558
600876
600387
600657
600654
600469
603108
600834
600346
600696
600577
603010
600146
600145
600892
600551
600556
600559
603169
600282
600538
603366
603986
600161
600725
600005
603299
600747
600358
600242
601881
600768
600225
600590
603005
600415
600432
600543
600143
603377
600721
600771
600837
603322
600603
600171
600884
600561
600262
600641
603885
603011
600315
603333
600510
601599
600260
600259
600844
600715
600031
603025
600271
603099
600313
600232
600209
601689
600321
603703
600305
603861
600391
600630
600110
600532
603012
600493
603030
600568
600310
600579
600426
600870
600390
600351
600546
600072
600480
603090
600580
603199
600995
600094
600278
600106
600666
601877
600691
600851
600737
600165
600667
603515
600712
600478
600421
603336
603618
600644
600523
600756
600648
600555
600674
600841
600521
601177
600707
600133
600403
600512
600885
601333
600279
600970
600011
600186
600518
600463
600891
601021
600408
600584
601515
600418
600273
600272
600695
600785
601558
600208
601198
600816
603222
603031
600398
600872
603567
603067
600257
600843
600054
600499
600653
600871
601989
603883
600746
600537
603699
603306
600623
601985
600498
600111
601369
600978
600638
600293
600379
603588
603020
600369
600458
600864
600531
603869
600981
600383
601789
600353
600125
600540
600866
603789
600170
600754
603002
600372
600303
600275
600806
600050
600420
600084
600367
601377
600198
600252
600959
600800
603993
600373
600098
600642
600775
600958
603686
601398
600256
603368
601179
600240
600312
600438
600650
600877
600982
603999
600990
600780
600739
600101
600895
600299
600960
600663
600185
600131
600868
600200
600008
600886
600118
600589
600804
600157
600662
600585
600129
603968
600109
600222
603616
600149
600187
600582
600699
600419
600869
601208
603696
600610
600867
603678
600396
600377
600826
600381
600175
600356
600189
600287
600343
600150
600812
601011
601126
600070
603828
603077
600618
600558
600728
600724
603128
600213
600535
600018
600604
601857
600562
601928
603355
600307
600713
600503
600319
600116
601088
600601
600289
603996
600999
600879
600516
600112
600980
600074
600533
600180
600637
600522
601991
600120
600617
600352
600461
603667
600021
601007
600268
600159
600330
601058
600127
601016
600605
600705
600917
600622
603288
600009
600635
600061
600380
600077
600027
603008
600090
600365
600639
600677
600652
600706
600063
603118
600326
601010
601555
600530
603520
600614
600967
600598
601678
600497
600501
600192
601006
600597
600792
600572
600035
603988
600797
600422
600079
601139
600894
600961
600515
603168
600162
600587
600586
601918
601566
600459
600448
600805
601567
600727
600325
600226
600831
601900
600560
601000
601222
600108
600169
600845
600395
600261
600229
603188
600575
600767
601169
600236
600811
600708
600685
600206
600665
601390
600475
600567
600316
600505
600037
600371
600676
600862
600067
603718
601336
600467
603023
603003
600900
600190
600309
603899
601601
600196
600536
600073
603338
600219
600887
601766
600616
600345
600220
600216
600722
600776
600740
600366
601929
600017
600529
600795
601688
600023
600640
600177
600863
600332
600016
600482
600828
600969
600354
600594
600985
600052
603088
600466
601966
600386
600388
600611
600526
601886
600283
600030
600300
600548
600513
600105
600160
600295
603189
600188
601218
603901
600624
600987
600784
600819
600651
600010
601166
600375
600255
601106
600711
603018
600119
600647
601636
600439
601880
600789
600276
600549
600692
600730
603779
601965
600814
601958
600172
601313
601999
600820
601518
600335
600317
600897
600470
600744
601666
600410
601788
600337
600726
603766
600750
601800
600096
601899
601258
601158
600781
600790
600716
601368
603100
600718
600693
600093
603167
601231
600566
600460
600429
600688
603868
600595
600086
601018
601211
600362
600557
603778
600085
603001
600409
600765
600810
603918
600378
601318
600193
600613
600028
600758
601118
600794
600873
600986
600791
600880
601038
600055
600578
603698
600298
600850
600723
601616
600100
600000
600787
600888
603568
601988
603569
600583
600517
600823
600479
600121
600511
600600
600778
601718
603022
600882
600684
601186
600830
600183
600563
600751
600714
600203
600166
600835
600068
601888
600292
601600
600865
600660
601611
601618
600270
601003
600158
600745
601898
603969
600138
601098
600571
600490
600761
600748
600012
600801
600694
600881
603979
600210
600550
600619
600323
600606
603328
603203
601001
603015
600329
600007
600218
600846
600076
600612
600757
601996
603989
600783
600302
601933
601225
600975
603806
600039
601328
601216
600056
600057
601808
600036
601668
600839
600258
601939
600502
600318
600741
600221
600113
603186
600277
600675
600122
600168
600020
600081
600237
600592
600123
600468
601798
600596
600104
601998
600115
600103
600997
601233
600829
601818
601579
600477
600634
600058
600704
601339
603637
601188
600231
600269
600874
600331
601137
600731
600376
600755
600683
603866
601872
603998
600770
600436
601015
600080
601717
601677
600507
600743
600251
600682
600015
600500
603000
600581
600496
603601
600481
600433
600738
600022
600132
600340
601669
600223
600059
603227
600971
603919
600702
600336
600854
601012
600487
600348
600235
603997
600066
600452
600195
600078
601969
600033
600217
600729
600697
600495
600004
603663
600449
600202
601375
600285
600993
600983
600126
601699
600048
600361
600658
600026
600248
600006
600528
600742
600117
603369
601777
601008
600509
600508
600519
600088
603519
600029
601155
600355
601607
601801
601002
600211
600668
600051
600608
600853
600824
600861
600327
600773
601101
600201
600064
600626
601199
603126
600545
601866
603889
600628
600333
600350
603606
600176
601633
600199
603198
603218
601111
600774
600141
603166
600629
600966
600486
600284
600153
600163
600815
603360
603559
601238
600782
600720
600798
603816
603066
600690
603019
603800
600833
601226
603799
600717
600227
600207
601117
600825
600539
600965
600808
603609
603123
600167
603165
603898
600060
600266
600368
600822
600764
601588
601919
603598
600089
600297
603729
600703
603589
601009
600569
601229
600320
600399
601608
600809
600308
601890
600197
603389
601992
600919
601997
600363
600856
600779
600095
603036
603859
600926
600963
600908
600802
603177
603603
601128
600075
603040
603690
600827
600428
603881
603208
601212
603323
603839
603330
603615
600858
600984
603817
002633
300600
300602
300069
300597
002845
300213
002485
002389
300313
002098
300589
300599
300577
300561
002629
300545
002820
300598
002842
002824
300593
300591
300427
300570
002825
000791
300573
300123
000504
002045
300584
300596
300565
300556
300235
300304
002773
000159
300473
002832
300580
300232
300099
300161
300401
002808
000779
000608
002748
002150
002259
002552
300062
300402
300581
300567
300534
000996
300100
300548
002120
300501
300587
002831
002265
002692
000593
300563
000034
300044
002828
300555
300546
300461
300568
300537
002711
002827
002819
002058
300582
300163
300106
300528
300141
002377
002719
002809
002599
002729
002553
000677
000595
300231
300583
300595
000023
002788
300579
002758
300588
002368
300517
002582
002519
000818
002811
002793
002667
002430
002669
002817
002201
300559
300480
002072
000668
000605
002313
300497
002796
300029
002807
300571
300472
002231
300311
000753
002840
002350
300211
002841
000622
300543
300586
300566
300375
300125
000810
002365
300515
002833
300246
300182
300244
002163
002530
300531
300109
300509
002401
300540
002699
002127
002228
000887
002815
002822
002167
002346
300019
300560
002785
002041
002801
300282
002478
002476
300550
300529
300552
002409
300576
300542
300031
002361
300549
300541
002459
002762
002211
300132
002581
300500
300572
300575
000659
002554
300377
300280
300030
300525
000561
002059
300243
000609
000885
300404
002322
002829
000553
300306
300012
002645
300281
300113
300347
002408
002413
300499
300539
002687
300338
300354
300493
300536
002717
002360
300495
002780
002778
002843
002468
300343
300234
000995
000056
002790
002453
002786
000038
000993
002732
002423
000953
000409
002625
300078
300446
002112
300363
002623
300557
000567
000687
002662
002094
002086
002105
002103
300093
002591
000679
002608
000611
002800
002595
002012
300294
300530
002821
000020
000962
002048
300439
300252
000815
300470
300478
300585
300516
002655
002750
002324
002799
002630
002518
300512
002052
300511
002247
002490
002783
002143
002462
002252
002589
002352
300488
300419
002147
000712
300233
002791
300169
000403
300264
002015
000628
300325
002175
002295
300476
300179
300084
300481
300286
300115
300382
300192
000802
300047
300101
300366
300159
002234
002659
002173
300011
002480
002027
002209
000975
002789
300049
000004
300448
300345
002767
300317
002546
300095
002085
300096
300166
300042
300327
002716
000695
002612
300376
000603
300330
300414
002435
002296
002668
300547
300114
002686
002617
300340
300395
300411
002620
002227
002792
002077
002565
002263
000018
300171
002309
002213
002123
300230
002598
300206
300086
002802
002618
300521
000766
000707
002237
002014
000987
000915
002366
002619
002013
000666
000631
300249
300090
300291
300445
002356
002647
002678
000043
002287
002301
300082
300296
000806
300474
000040
000678
300025
300285
002062
300533
002622
002122
300258
002450
300457
002635
300339
002371
300409
002214
300219
300033
002768
300239
002109
002292
002746
300302
002114
300519
002121
002180
002117
300138
002733
300344
002089
002102
000555
000158
300350
002456
300355
000656
002370
300320
300145
300087
002148
300040
300098
000590
002551
002536
002065
300278
000856
002488
300310
002281
002349
300351
000408
002653
300523
002609
300318
002640
000503
000755
300324
300487
002418
002119
002108
002195
002155
002240
002357
002445
300522
002611
000948
002387
300322
002341
300368
300374
300279
300406
300061
002425
000050
000803
002316
000916
000912
002226
300271
300276
300068
300065
002795
002798
000795
000535
000534
002141
300212
002492
300046
300045
002004
002260
000515
000516
300189
300526
002061
002282
300428
300420
000578
002544
002547
300372
002042
002049
000635
000981
000558
000556
000805
300149
300148
002383
002710
000716
000711
000821
000827
000829
002509
002777
002771
002198
000735
000730
000594
002347
002115
002526
002525
000699
000693
000690
000697
300319
300315
000866
000621
300462
300467
300469
000670
000673
000675
002816
002812
002813
000412
000413
002025
002306
300440
300449
000584
000583
000653
000658
002464
000633
002676
002675
002670
002584
002852
002853
002850
002851
000982
002443
000613
000618
300392
002132
002134
002426
002638
002157
300617
300616
300619
300618
000003
000007
002400
002145
000925
000926
002745
002694
002696
000029
000024
300486
000903
300268
300266
000048
000047
000042
300017
002441
002030
002256
002257
000787
000522
000527
300201
300209
300076
000508
000509
300223
300224
300225
300186
300051
002075
002299
000748
000560
000562
000563
000569
002113
000765
000763
000769
000549
000817
300150
002555
000153
000155
300309
002407
300361
300367
300364
000832
002396
002390
002571
002575
002576
002579
002578
002761
000723
000725
000586
000588
002379
002740
002747
300134
002685
002681
300490
000689
000682
000892
300518
002335
002333
300513
000033
300479
000663
000660
002803
002806
000406
000405
300535
002720
002724
300088
300089
002660
002664
002129
000542
002652
300418
000976
000602
000979
002735
000013
000015
000017
002624
002082
000950
000952
000956
002162
002168
300622
300623
300620
300621
002411
300021
300028
000935
300423
300143
002319
000526
000014
002412
002522
002580
300336
300208
002326
300091
300297
002781
002151
300191
002006
300337
002010
300251
002447
300164
002760
300332
300425
300502
300275
002730
002606
300590
002331
300200
000518
300370
002249
300038
300431
002739
000836
000035
000967
002166
000010
300248
002503
000972
000692
300507
002044
002339
000557
002537
002037
000968
300444
002757
000639
002328
000932
000533
300442
002305
002402
300203
002477
002001
002267
002096
300128
002364
002657
000610
300080
300174
002373
002289
002665
002482
002458
002159
300180
002706
000582
300238
002074
002559
002498
000559
000632
300144
300036
000416
002283
002759
002124
000612
002185
002596
002088
002024
300397
300127
002405
300079
300429
300015
300196
002461
300326
002550
002031
000005
002479
002835
002484
000046
000949
300002
002718
002090
002701
300032
000002
002193
300329
002502
300005
002040
000752
002446
300126
002026
000517
002169
002442
300267
002486
300273
002338
300220
002293
300434
002268
002424
000862
000025
300057
002506
300222
002698
300037
002830
002649
002107
002224
300316
002496
002272
000407
300001
002751
300433
300167
000731
300436
000702
002056
002189
002741
000606
002631
002170
002661
000037
300173
002139
000911
002568
000400
000988
000008
002286
002264
000713
000078
002432
300287
000969
002358
000031
000783
000564
002743
002276
002191
300072
002727
000565
002188
000768
002220
002471
000918
002569
002755
300365
000545
300468
002406
000970
002545
002116
000788
002005
300199
002251
002239
300097
002243
000920
300146
002325
300334
002021
300155
002489
002491
000877
300289
000570
300170
300505
300389
300071
300489
300007
300110
002196
002183
000421
002448
002493
300496
300202
000998
000566
002772
300181
002382
300108
000825
002637
300360
300197
002590
000523
300153
002689
000700
300383
000720
000930
300269
002513
300460
002297
002036
002254
000727
000908
002053
000936
300092
300054
002776
300353
000166
000902
300328
300228
000411
002421
300236
000055
000657
002384
000901
000812
002487
300261
002494
000099
300532
300558
002314
000505
300016
300118
002680
002303
000511
002222
002018
002345
002391
002206
002248
300466
002073
000006
002753
002126
300384
002460
002627
002002
002290
300416
002422
300272
002149
300067
002466
002274
300055
002467
002017
002164
002723
300369
300263
002539
000062
000890
000510
000961
002532
300041
002381
300217
000838
002538
002284
000601
002420
002192
002174
000886
002069
002836
002702
300205
002278
300048
002454
300385
000790
300184
300503
300450
300070
002095
300393
300023
000011
300003
002586
300437
002465
002076
002797
000571
000922
002009
002355
300458
002787
002414
002693
300059
002250
000688
002312
002512
300221
300226
002023
000150
000667
000875
002261
300250
002549
000978
002221
300475
000543
300104
300120
300043
002133
000973
000939
002337
300348
002208
000638
000629
300168
000813
002223
002033
002697
002011
000591
000990
000762
000717
300034
002663
300498
002603
000819
000156
002505
002367
002737
002566
002253
002118
300027
000016
002087
300075
002291
000671
002666
300443
000738
300331
300398
000997
002708
000426
300081
002101
002556
002022
002071
002673
300405
002070
002378
000088
002573
000782
002131
300154
002385
002644
300077
300362
300253
002602
300178
000732
002395
000009
000021
002715
002516
300314
300026
000931
000422
002177
300247
000705
000733
300111
002135
000955
300188
000410
002474
002393
002158
002161
300284
002160
000736
002810
002318
000831
002332
000513
002244
000538
002725
300277
002336
000681
000801
300139
000850
000868
000897
002255
002524
300290
002100
002658
300009
300039
300453
300018
300010
002707
300569
002171
002527
002444
300194
000760
300147
002641
002763
002779
000881
002449
002734
002528
300321
300135
300056
000650
000333
002230
002212
300407
002600
000792
000061
000428
002436
002500
300050
300157
300283
300255
002674
002363
002315
002091
002007
002136
300102
002351
000861
300520
002203
002055
000530
002266
002433
000999
300352
002742
300177
300305
300452
300024
000524
002642
002184
000089
000919
002520
300254
002682
002016
000958
000544
002517
300341
002561
002438
002246
002417
300229
002634
000520
300270
300058
002523
002712
002186
000027
002403
300494
300430
300483
000701
000028
002329
002165
300400
000929
300207
300074
000863
000616
000721
300227
000835
000977
002046
300008
000913
002593
000966
000776
002738
002782
000703
002144
300162
000927
000785
002615
002650
000960
002097
300456
000777
002288
000019
002093
002514
000617
300260
002275
002140
000502
002334
000151
002300
300293
300464
002731
000722
300288
300396
000899
300508
002594
300237
000661
300160
000683
300218
002327
300415
000848
002099
002354
300158
002138
300242
300185
300190
000627
002749
300463
300259
002752
002066
002176
002083
002190
002428
300022
002570
000917
002574
002104
002294
000750
002679
000822
300122
002216
002533
002028
000719
000338
001696
300295
002457
002837
300527
002182
000058
000665
002359
300358
002671
300292
300477
000049
002632
002577
002736
002057
002270
002497
000980
002722
002541
002690
002495
002232
002434
002369
300471
002392
000415
000816
000718
002499
002317
002588
000778
000045
002535
300063
300394
000626
002277
000532
000597
002215
002756
002130
000880
002344
000012
300116
000883
300265
002197
000630
000685
300187
300053
300066
300333
300485
002340
002225
300432
002511
300274
002050
000552
000531
002654
002651
002279
002330
300484
002039
000757
300129
300459
002064
002262
300133
002805
002726
002452
300210
300356
002063
002084
002152
002504
000090
000573
002125
000669
300151
000598
002199
000587
300130
000430
300390
300387
000672
000963
002585
002601
002242
000529
300417
300379
300441
002515
000066
000686
000607
300214
002691
000507
000592
300373
300492
000937
000536
300119
002205
002106
000404
300136
000539
002472
002397
002703
002238
002475
002047
002557
000060
300342
300388
002285
300413
300346
002415
002219
300386
300152
000833
300085
002614
000859
002280
300359
300245
000652
000876
300204
300412
000739
000909
300349
000301
002607
000599
300410
002068
002156
300399
002709
002473
000551
300121
000851
300421
000800
300240
000767
000001
000619
300380
002501
002269
000878
002684
002769
002818
002154
000039
002310
300455
002416
000780
300451
000737
000540
002604
002672
002463
002388
002054
000032
000928
002398
002092
002510
002029
300140
002241
002656
300391
000623
002587
300357
002540
000758
002826
002210
300193
000828
000933
000036
002439
000600
000985
000826
000809
002181
300013
000923
002172
002621
300335
300083
002137
002179
002218
002298
300117
002348
000759
300465
000989
002529
002562
300131
002308
300447
000547
000068
000581
300491
300215
000798
002431
002548
000026
300422
300004
000554
300195
300257
000751
000585
002429
000869
300176
300035
002688
300198
000070
000525
000576
000429
002111
000893
300262
002386
000983
002343
002470
000726
000938
000830
000030
000756
300107
000895
002362
300020
000691
002032
002060
300137
002217
300006
000615
000728
002376
002187
002728
000715
300094
002613
300014
000889
002646
002404
002304
002823
300538
300435
002003
300424
002628
000676
300303
300216
002207
300112
000965
000548
000546
000541
300124
000729
300256
000069
300426
300073
002320
002258
300408
000537
002437
000519
002080
300165
000837
002020
000807
300312
000022
300551
000882
002353
300403
002639
000096
300378
002683
000589
002700
300301
000898
000417
002245
002564
300064
002394
000709
002534
002605
002583
000888
000793
000698
000971
002521
000065
000420
002128
002019
002202
002643
002597
000521
000157
002051
000906
002766
002626
000710
000498
300183
000550
002110
000572
002321
000662
002302
000419
002081
300307
000708
002427
002067
002079
002273
000820
300105
300241
002648
300381
002153
002770
002008
002563
300308
000063
002677
000100
002765
002481
002380
000951
000761
000423
300298
002636
000637
000402
000799
300438
002229
002542
002483
002440
300506
300553
000860
002146
000625
001979
002469
000789
002616
002560
000796
000401
002374
002372
300172
002543
000959
300156
002695
002200
000655
002035
002507
002714
002204
000811
002271
300103
002399
002236
000651
002410
002233
001896
000905
300142
002558
300482
002375
000786
300175
002142
002705
000852
002567
000568
002078
002838
000900
000823
002572
000488
000957
000425
000797
002311
002034
300052
000418
002531
002610
002592
000636
002043
300592
000596
002508
000680
000910
000059
000501
002194
000620
000514
000839
300510
002307
300299
002839
000858
002775
000528
002038
002419
000921
002721
300562
002178
002342
300601
002455
300615
300371
002846
002848
002235
300612
300603
300607
002849
002451
300578
002323
300608
300605
300610
002713
300300
002847
300606
300609
300323
000506
300613
300611
